17,2
17,1
17,3
15,2
15,1
15,3
16,2
16,1
16,3
13,2
14,2
4,25
4,24
4,4
4,35
4,27
4,76
4,17
4,66
4,1
29,57
29,56
29,55
29,54
29,53
4,9
4,2
4,3
6,4
6,1
6,5
6,2
6,3
7,7
7,8
29,52
29,51
29,50
29,49
29,48
29,47
7,4
29,46
29,45
29,44
7,6
7,11
7,1
7,13
7,2
7,3
5,4
5,2
5,1
5,3
29,43
29,42
29,41
29,40
29,39
29,38
29,37
29,36
29,35
3,1
3,3
10,172
10,196
10,124
10,92
10,98
10,10
10,150
10,230
11,18
11,12
11,27
11,25
11,24
11,23
11,22
11,21
11,20
11,19
11,17
11,9
11,7
11,5
10,309
10,308
10,307
10,306
10,305
10,304
10,303
10,302
10,301
10,300
10,299
10,298
10,297
